298	255	0.2	461	15882	49.5854 173.445 37.7879 16.0772 30.7419 -187.033 -86.3732 162.237 106.054 -146.814 -56.1782 78.2888 49.3342 -68.4319 -44.5318 0.288591 1.57313 0.0847165 0.0625798 0.405882 1.33957 0.356699 0.807725 0.605318 1.8163 0.298714 1.22769 0.133195 0.576907 0.329699
298	255	0.5	232	7920	48.6072 172.674 37.4588 16.0229 28.6662 -184.796 -85.066 161.145 106.095 -141.905 -55.435 74.4312 49.0143 -64.9707 -42.6686 0.34553 1.94134 0.0994622 0.0739278 0.526944 1.697 0.430739 0.984296 0.748131 2.32015 0.389906 1.58484 0.155213 0.719308 0.416309
298	255	0.7	233	8132	50.045 166.14 37.4652 15.7242 29.3722 -182.429 -86.5102 157.986 102.203 -142.707 -56.0738 78.1146 48.6111 -66.9153 -43.1349 0.00147311 0.237058 0.00147199 0.0268998 0.0543107 0.662248 0.00147343 0.103272 0.433489 1.65911 0.133391 0.214749 0.0487046 0.0916695 0.0485316
298	255	0.9	252	7998	45.7484 151.898 34.6177 14.4634 26.2489 -166.972 -79.3661 146.49 94.0809 -130.936 -51.0385 70.2979 44.6815 -60.7912 -39.2684 0.00177531 0.646428 0.00177424 0.0568576 0.441889 0.335407 0.00177561 0.198052 0.510636 1.72155 0.258049 1.19418 0.0957124 0.558374 0.328203
298	265	0.2	1862	20927	21.4586 73.2038 13.5089 5.81572 12.6183 -79.6291 -33.9675 63.0938 41.2983 -61.3099 -22.3069 33.5368 17.7511 -26.4349 -17.2067 0.0997849 0.619685 0.0396259 0.0283064 0.165852 0.494593 0.129998 0.314685 0.248287 0.685292 0.101231 0.313953 0.0599993 0.217534 0.135363
298	265	0.5	935	10541	21.8638 72.6906 13.4915 5.77925 13.0096 -79.9628 -34.3553 62.7591 41.0179 -61.9824 -22.5031 33.8123 17.6574 -26.6503 -17.4149 0.00128253 0.0461403 0.00121952 0.00238701 0.0545004 0.201122 0.00149039 0.025269 0.0119561 0.0594608 0.0532267 0.371046 0.0131696 0.0983364 0.0120012
298	265	0.7	904	10604	22.3333 76.4168 13.867 5.91234 13.1335 -82.843 -35.2003 65.2768 42.6838 -64.5273 -23.0205 34.3544 18.1178 -27.2415 -17.6934 0.0605049 0.807876 0.0482782 0.0367248 0.223592 0.643345 0.108731 0.413939 0.324846 0.92986 0.10919 0.519731 0.0777394 0.298695 0.180278
298	265	0.9	947	10503	20.9016 71.0675 13.2088 5.60809 11.3683 -77.6375 -33.1103 61.4583 39.9541 -56.3595 -21.4324 30.9816 17.2401 -24.4165 -15.8455 0.134553 0.815925 0.0488846 0.0354434 0.216702 0.657271 0.171412 0.411544 0.319984 0.930403 0.135782 0.412024 0.0748818 0.29027 0.17581
298	275	0.2	3897	19433	12.5979 43.0547 6.59314 2.8346 7.20443 -46.7867 -18.1911 33.8797 22.1856 -35.3856 -11.918 19.1602 8.65014 -13.8237 -9.0425 0.0556911 0.360183 0.0219986 0.0149646 0.0952081 0.271652 0.0731083 0.162577 0.138278 0.384598 0.0538396 0.145187 0.0314868 0.117443 0.0752169
298	275	0.5	2058	9917	12.0844 41.3837 6.26728 2.70886 7.19639 -45.0573 -17.3517 32.2119 21.1381 -34.0859 -11.3943 18.8588 8.24941 -13.4967 -8.82817 0.0719318 0.472498 0.0264219 0.0187321 0.123178 0.348635 0.0927017 0.208849 0.178745 0.505788 0.068732 0.175493 0.0387386 0.146516 0.095944
298	275	0.7	2023	9669	12.1612 41.0919 6.35548 2.73759 6.99469 -44.907 -17.5167 32.4644 21.2491 -33.724 -11.4796 18.6628 8.3514 -13.384 -8.73784 0.00155727 0.410404 0.00156246 0.00632138 0.0312212 0.280973 0.00157231 0.158774 0.128155 0.360509 0.0152886 0.0181419 0.0101673 0.0232938 0.0158269
298	275	0.9	2024	9867	12.1887 41.2129 6.34687 2.7574 6.87497 -44.9267 -17.5356 32.4598 21.3627 -33.8398 -11.5412 18.5165 8.37608 -13.2774 -8.71397 0.0726455 0.463902 0.0266187 0.0186139 0.120895 0.3503 0.0936017 0.20819 0.176292 0.496998 0.067318 0.173771 0.0379443 0.146443 0.0951955
298	285	0.2	6460	16866	8.66743 29.8747 3.7987 1.63178 4.65218 -32.0563 -11.4661 21.3242 13.9372 -23.821 -7.51423 12.7131 4.98058 -8.39701 -5.50204 0.00079162 0.012201 0.000396327 0.000176746 0.0135602 0.008435 0.000788448 0.00435947 0.0432733 0.178066 0.00416146 0.024051 0.000350858 0.00339979 0.00171636
298	285	0.5	3245	8490	8.52936 29.4322 3.76156 1.62028 4.56438 -31.7435 -11.2909 21.0384 13.8231 -22.8948 -7.39223 12.5697 4.94255 -8.29004 -5.4197 0.0434912 0.321912 0.0174869 0.0119994 0.0818753 0.238809 0.0581443 0.130584 0.116877 0.339645 0.0434353 0.127396 0.0251998 0.0952492 0.0611227
298	285	0.7	3203	8431	8.6927 29.9204 3.8117 1.63618 4.88711 -32.148 -11.5044 21.376 14.0923 -24.5874 -7.5307 13.0534 4.99738 -8.64496 -5.65141 0.00100615 0.0176809 0.000539685 0.000199271 0.0159374 0.0121045 0.00100945 0.0062606 0.055699 0.230312 0.00499475 0.0296231 0.00039607 0.00384635 0.00194404
298	285	0.9	3439	8495	8.27958 27.3911 3.57497 1.53371 4.32307 -29.888 -10.8546 19.8551 12.9404 -22.4366 -7.11741 12.1042 4.68637 -7.9542 -5.18384 0.0326545 0.303579 0.0163562 0.0114772 0.0776423 0.226454 0.0473489 0.124459 0.111973 0.318033 0.0373603 0.120304 0.0239978 0.0911206 0.058289
298	295	0.2	9651	14460	6.36656 21.6748 2.3494 1.00543 3.47352 -23.4149 -7.71597 14.2901 9.34496 -17.1507 -5.04231 9.53414 3.07988 -5.73295 -3.72331 0.0249638 0.173386 0.0112238 0.00599225 0.0441986 0.134336 0.0355026 0.0762507 0.0608883 0.187638 0.0239763 0.0698302 0.0140786 0.049118 0.0308787
298	295	0.5	4808	7147	6.43464 22.263 2.36083 1.00778 3.39054 -24.001 -7.79548 14.4986 9.46643 -17.6374 -5.10146 9.40099 3.08603 -5.68173 -3.70391 0.0189918 0.232541 0.0113845 0.0078713 0.0587601 0.15866 0.0303702 0.0915816 0.0801983 0.244986 0.0245398 0.101692 0.0168724 0.0654234 0.0400115
298	295	0.7	4868	7175	6.36624 21.8372 2.33664 0.996789 3.42887 -23.5658 -7.70288 14.3033 9.33421 -17.2423 -5.00763 9.24001 3.05271 -5.60339 -3.66581 0.0235861 0.230686 0.0114114 0.00786949 0.0587287 0.161515 0.034089 0.0913069 0.0790085 0.251914 0.0288319 0.129536 0.0170124 0.0716342 0.0412661
298	295	0.9	4920	7257	6.29488 21.435 2.29852 0.987413 3.3241 -23.2116 -7.59341 14.0504 9.22153 -17.158 -4.98164 9.26169 3.01624 -5.57227 -3.63241 0.0231419 0.227636 0.0112798 0.00772432 0.0567374 0.15859 0.0334903 0.0902016 0.0780555 0.239227 0.0266678 0.109106 0.0166429 0.0673532 0.0401434
298	305	0.2	13170	12415	5.06831 17.1337 1.58267 0.662308 2.52259 -18.626 -5.651 10.4251 6.74931 -13.1403 -3.64538 7.24074 2.04999 -4.01595 -2.5812 0.0144131 0.134547 0.00626569 0.00421111 0.0324595 0.0916209 0.0200773 0.049617 0.0425169 0.141532 0.0172011 0.0742576 0.0093946 0.0402299 0.0229473
298	305	0.5	6387	6221	5.17172 17.6954 1.63567 0.683137 2.59406 -19.1222 -5.8074 10.7682 7.00201 -13.4008 -3.74297 7.38219 2.11614 -4.12801 -2.65666 0.0241838 0.18998 0.00987157 0.0057828 0.0443341 0.135896 0.0333024 0.0733712 0.0592168 0.198012 0.026128 0.10672 0.013495 0.0568756 0.0319572
298	305	0.7	6631	6207	5.05484 16.9446 1.57309 0.664353 2.48399 -18.5243 -5.62794 10.3639 6.78574 -12.9278 -3.66081 7.19153 2.04883 -3.96954 -2.56044 0.0161152 0.170754 0.00724139 0.00536757 0.0429865 0.11458 0.0225275 0.0613686 0.0535773 0.187527 0.0202758 0.0974155 0.0115241 0.0525561 0.0300959
298	305	0.9	6612	6162	5.05749 17.0488 1.57505 0.649308 2.54925 -18.5455 -5.63255 10.3689 6.67487 -13.2602 -3.62283 7.23155 2.02214 -3.99406 -2.56757 0.0194258 0.18323 0.00828526 0.00552584 0.0435788 0.125079 0.0268753 0.0675069 0.0559936 0.195155 0.0226899 0.0964686 0.0124397 0.0537031 0.0307134
298	315	0.2	16525	10802	4.28211 14.6478 1.15115 0.468527 2.03609 -15.8319 -4.43328 8.21687 5.25304 -11.0277 -2.8317 6.02672 1.47128 -3.09535 -1.95935 0.00716754 0.0830238 0.00276238 0.0028988 0.0261037 0.0511669 0.00953549 0.0246438 0.0270128 0.110589 0.0122971 0.0636822 0.00581245 0.0303753 0.0173756
298	315	0.5	8236	5573	4.3249 14.4002 1.16195 0.470421 2.05149 -15.6854 -4.48686 8.16402 5.18959 -10.8056 -2.84909 6.00131 1.47964 -3.11988 -1.97555 0.00657561 0.120384 0.00257249 0.00383986 0.0352572 0.0728278 0.00864814 0.0349927 0.0379231 0.152934 0.0168343 0.0900402 0.00735072 0.0413943 0.0234186
298	315	0.7	8413	5307	4.23483 14.4015 1.12551 0.454829 2.03623 -15.6054 -4.36036 8.0601 5.10318 -10.8033 -2.78039 5.94269 1.4317 -3.0308 -1.92373 0.0122052 0.145625 0.00550826 0.00404806 0.0348525 0.0940155 0.0173887 0.0492576 0.0411342 0.158016 0.0179618 0.0909302 0.00902596 0.0422209 0.0235807
298	315	0.9	8510	5681	4.20865 14.302 1.1212 0.454454 1.94443 -15.5246 -4.32986 8.02115 5.09715 -10.5227 -2.75432 5.82186 1.4316 -3.00259 -1.88626 0.00120035 0.00834484 0.000354147 0.0024708 0.0312486 0.0102094 0.00122916 0.00178657 0.0247451 0.123022 0.01255 0.0751481 0.00444256 0.0309798 0.0167931
298	325	0.2	21078	9911	3.65039 12.2198 0.831648 0.322682 1.64922 -13.345 -3.48206 6.37725 3.98404 -9.0399 -2.16789 4.9353 1.03507 -2.3668 -1.47411 0.00824955 0.0908403 0.00368795 0.00244626 0.0211047 0.0578484 0.0118297 0.0299838 0.0240431 0.0929056 0.0129127 0.0625899 0.00582988 0.0253839 0.0137838
298	325	0.5	10542	4844	3.63546 11.7115 0.830512 0.32193 1.59315 -13.0536 -3.46599 6.26238 3.8983 -8.86068 -2.16305 4.95416 1.03471 -2.37135 -1.46209 0.000509996 0.0035672 0.000140104 0.00183996 0.0255935 0.00430952 0.00053065 0.00100088 0.0166911 0.0906337 0.011145 0.0639542 0.00344906 0.0238907 0.0128214
298	325	0.7	10614	4919	3.61768 11.8874 0.818643 0.319223 1.58009 -13.0998 -3.43633 6.24865 3.88766 -8.85106 -2.14524 4.8361 1.02222 -2.33045 -1.4473 0.0113525 0.122203 0.00480592 0.00319535 0.027563 0.0787736 0.0159785 0.0399547 0.0318798 0.121715 0.0171807 0.0849906 0.0075743 0.0331202 0.0180425
298	325	0.9	10752	4926	3.59531 11.8337 0.807405 0.310391 1.47762 -13.0267 -3.40273 6.18665 3.81525 -8.41574 -2.11744 4.68196 1.00087 -2.23155 -1.37687 0.0122618 0.120559 0.00527839 0.00322663 0.0266705 0.0788503 0.0173867 0.0412022 0.0322502 0.122885 0.0171967 0.0830421 0.00788004 0.0335721 0.018091
298	335	0.2	26047	9141	3.19487 10.4179 0.623952 0.230856 1.2668 -11.5252 -2.81885 5.10173 3.10139 -7.31351 -1.7207 4.04697 0.760089 -1.80356 -1.0909 0.00707901 0.0777785 0.00285452 0.00192296 0.0170441 0.0494008 0.00984585 0.0241544 0.0190887 0.0741157 0.0108298 0.0534414 0.00456726 0.0200588 0.0108248
298	335	0.5	13112	4690	3.17921 10.4324 0.617288 0.22791 1.27357 -11.504 -2.79651 5.07767 3.07699 -7.37322 -1.70177 4.00494 0.749761 -1.79157 -1.0898 0.000341629 0.00267909 0.000157124 0.000409959 0.0155249 0.00343753 0.000308669 0.00104365 0.00497701 0.0343808 0.000838431 0.00419903 0.000381874 0.00199757 0.00368824
298	335	0.7	13521	4559	3.1359 10.2075 0.598905 0.217464 1.21407 -11.2993 -2.73483 4.94717 2.97379 -7.05399 -1.65694 3.93909 0.722475 -1.7277 -1.03604 0.00863878 0.0882824 0.00338637 0.0024407 0.0220165 0.0557547 0.011901 0.0270176 0.0231928 0.0942607 0.0138305 0.0682521 0.00565534 0.0256105 0.013807
298	335	0.9	13340	4677	3.16315 10.2925 0.609124 0.224595 1.26082 -11.3991 -2.77229 5.01101 3.03747 -7.18572 -1.68129 4.01037 0.739984 -1.76823 -1.07061 0.00856553 0.0826689 0.00342701 0.00246402 0.0222923 0.0517392 0.0118627 0.0250078 0.0226275 0.0951947 0.0141322 0.0705471 0.00575107 0.0260769 0.0139979
298	345	0.2	34128	9526	2.80381 8.81395 0.455883 0.152568 0.971234 -9.93099 -2.25973 4.00912 2.31716 -5.88425 -1.31197 3.32276 0.527688 -1.34165 -0.774205 0.00564597 0.0654402 0.00221005 0.00160046 0.0135846 0.0409573 0.00783456 0.0194105 0.0157898 0.0611179 0.00925457 0.0422696 0.00369455 0.0158778 0.00855984
298	345	0.5	17291	4642	2.78001 8.59979 0.446997 0.151675 0.943873 -9.7771 -2.22703 3.9218 2.28167 -5.74867 -1.29928 3.25934 0.52043 -1.31136 -0.764296 0.00113108 0.00809999 0.000441119 0.000170218 0.00794277 0.00568196 0.00138444 0.00255084 0.0014375 0.00824781 0.0045362 0.0275578 0.000657586 0.00603429 0.00122073
298	345	0.7	17129	4758	2.78879 8.8367 0.451406 0.153036 0.982117 -9.92612 -2.24022 3.993 2.32505 -5.89026 -1.30581 3.28643 0.525837 -1.33007 -0.774155 0.00780251 0.054476 0.00296301 0.00164291 0.0178963 0.0343365 0.0107105 0.0180184 0.0144317 0.0733515 0.0100799 0.0552581 0.00400476 0.0205104 0.0106227
298	345	0.9	17533	4725	2.7749 8.60521 0.444217 0.149634 0.950063 -9.76937 -2.21914 3.91052 2.26423 -5.82612 -1.28948 3.29142 0.515271 -1.33052 -0.770242 0.00650065 0.0737207 0.00255221 0.00157249 0.0181162 0.0445886 0.00902971 0.0207352 0.0128657 0.0878514 0.00963916 0.060285 0.00363028 0.0229393 0.0122764
298	355	0.2	45693	10179	2.49513 7.42863 0.337388 0.100381 0.724972 -8.60435 -1.83255 3.16483 1.72477 -4.67594 -0.99714 2.6744 0.367501 -0.986527 -0.540487 0.00458902 0.0519987 0.00162323 0.00111761 0.0106493 0.0326202 0.00617666 0.0151941 0.0117645 0.0500532 0.00629527 0.0321245 0.00252305 0.0124361 0.00648946
298	355	0.5	22904	5211	2.49473 7.43891 0.33673 0.100912 0.677567 -8.6115 -1.83148 3.16675 1.73074 -4.56922 -1.00357 2.67171 0.368146 -0.981039 -0.534741 0.00603579 0.0689267 0.00214323 0.00145624 0.0133967 0.0431124 0.00814116 0.0200422 0.0155285 0.0656252 0.00772485 0.040225 0.00329913 0.0159883 0.00834699
298	355	0.7	23414	5060	2.48026 7.22926 0.331132 0.0989078 0.709025 -8.46515 -1.81142 3.09596 1.68749 -4.53543 -0.988578 2.65693 0.360794 -0.973154 -0.535791 0.00592229 0.0664376 0.00210493 0.00144751 0.013738 0.0421602 0.00798897 0.0194631 0.015221 0.0652637 0.00793106 0.0407096 0.00326359 0.0159523 0.00831753
298	355	0.9	23458	5293	2.46221 7.21617 0.325562 0.0978458 0.703695 -8.42456 -1.7878 3.06717 1.68003 -4.52937 -0.978469 2.6478 0.356401 -0.960811 -0.52748 0.0060182 0.0673091 0.00211933 0.00144145 0.0136606 0.0426901 0.00809235 0.0196841 0.0152161 0.0642249 0.00810762 0.0410079 0.00326927 0.0158511 0.00828542
298	365	0.2	53582	10559	2.30613 6.81522 0.272459 0.075504 0.588485 -7.92589 -1.57864 2.72659 1.42628 -4.01295 -0.821107 2.31812 0.286025 -0.802243 -0.422343 0.00427717 0.0449791 0.00139469 0.000921062 0.00912361 0.0285175 0.00562621 0.0133073 0.0105321 0.0448809 0.0058026 0.027823 0.00210126 0.0104536 0.00534799
298	365	0.5	26937	5115	2.3026 6.73349 0.270508 0.0741019 0.61361 -7.8657 -1.57313 2.69925 1.40175 -4.06879 -0.815115 2.37959 0.282156 -0.821461 -0.431008 0.00566716 0.0603038 0.00185325 0.0012328 0.0122576 0.0383089 0.00746505 0.0177661 0.014112 0.0605462 0.00772649 0.0370007 0.00279174 0.0138946 0.00715434
298	365	0.7	27395	5224	2.28826 6.63871 0.265553 0.0734847 0.580413 -7.78414 -1.55384 2.65953 1.39397 -3.8865 -0.808012 2.30285 0.278387 -0.792601 -0.41598 0.00540219 0.0587545 0.00177164 0.00119732 0.0119104 0.0374216 0.00712194 0.0171679 0.013628 0.0588886 0.00751038 0.0360151 0.00271493 0.013496 0.00694049
298	365	0.9	27758	5364	2.27774 6.53798 0.262017 0.0715534 0.568653 -7.70572 -1.53979 2.61885 1.35288 -3.91255 -0.79348 2.28121 0.2723 -0.779638 -0.409701 0.00534247 0.0584417 0.00174751 0.00120513 0.0116996 0.0369395 0.00703142 0.0169227 0.0136924 0.058724 0.00749806 0.035877 0.0027071 0.013518 0.00696024
298	375	0.2	57750	10865	2.18951 6.63897 0.235165 0.0603605 0.543901 -7.57741 -1.42472 2.49722 1.25639 -3.76719 -0.698002 2.09805 0.235582 -0.704064 -0.362038 0.00397114 0.0435547 0.00123779 0.000835266 0.00874424 0.0275433 0.00515738 0.0120622 0.0101846 0.0442413 0.00563541 0.0266109 0.00188944 0.00962101 0.0048776
298	375	0.5	29067	5652	2.18828 6.56057 0.233904 0.0621355 0.521266 -7.53059 -1.42221 2.47941 1.26529 -3.68451 -0.714836 2.09302 0.238566 -0.701649 -0.364018 0.0052801 0.0573018 0.00165214 0.00112297 0.0111126 0.0364747 0.00687267 0.015936 0.013385 0.0583818 0.00751553 0.0355369 0.00253512 0.0127438 0.00653661
298	375	0.7	29727	5446	2.16805 6.45802 0.22726 0.059196 0.516771 -7.45873 -1.39534 2.425 1.22311 -3.65752 -0.691268 2.09046 0.229274 -0.690816 -0.357836 0.00515565 0.0557784 0.00159938 0.00109369 0.0109194 0.0349835 0.00669153 0.0153196 0.0131491 0.0571702 0.00738092 0.0341224 0.00247109 0.0122635 0.0063306
298	375	0.9	29382	5546	2.17948 6.48023 0.230692 0.060944 0.536369 -7.48588 -1.4102 2.44678 1.23804 -3.77587 -0.707342 2.16001 0.234451 -0.721647 -0.373691 0.00526626 0.0568023 0.00164296 0.00111266 0.0112006 0.0358128 0.00685247 0.0157294 0.0132372 0.0572997 0.00749909 0.0350566 0.00250305 0.0124953 0.00647073
298	385	0.2	60252	11205	2.0797 6.45535 0.2022 0.0514214 0.516734 -7.26622 -1.28196 2.28525 1.12736 -3.6295 -0.608694 1.9674 0.199347 -0.63909 -0.331084 0.00388238 0.0422562 0.00114643 0.000807356 0.00842184 0.0265824 0.00496925 0.0107843 0.00999027 0.043632 0.00579474 0.0265083 0.00179906 0.00903509 0.00468706
298	385	0.5	29918	5494	2.08835 6.49318 0.204366 0.0511984 0.487572 -7.29738 -1.29274 2.30447 1.1294 -3.64288 -0.612397 1.96296 0.199492 -0.642761 -0.329637 0.00519604 0.0566288 0.00154699 0.0010773 0.0108504 0.0358174 0.00666992 0.0147932 0.0133002 0.057981 0.00772309 0.0356526 0.00239521 0.012006 0.00620963
298	385	0.7	30410	5551	2.07797 6.35384 0.200549 0.0515563 0.483549 -7.20701 -1.27855 2.25756 1.12454 -3.55893 -0.61207 1.95693 0.198134 -0.634385 -0.328487 0.00504045 0.0557115 0.00149229 0.00105907 0.0106735 0.0350078 0.00646081 0.0144921 0.0130677 0.0567743 0.00761512 0.0348944 0.00235059 0.0117914 0.00611183
298	385	0.9	30534	5672	2.07381 6.26886 0.200569 0.0496707 0.498086 -7.15238 -1.2744 2.24353 1.10056 -3.48685 -0.600428 1.92856 0.19598 -0.626539 -0.31765 0.00511804 0.0552837 0.00151324 0.00103851 0.0109449 0.0351227 0.00655433 0.0142718 0.0129476 0.0564642 0.0076107 0.0347919 0.00233051 0.0116353 0.00601376
298	395	0.2	59804	10722	2.01073 6.50252 0.182877 0.0441324 0.509357 -7.14066 -1.19366 2.18038 1.05175 -3.51065 -0.541472 1.85809 0.174305 -0.593918 -0.303393 0.00395087 0.0430481 0.00112869 0.000795379 0.00849599 0.0273639 0.00501564 0.0109927 0.0100634 0.04532 0.00601338 0.0275897 0.00175552 0.00889404 0.00466018
298	395	0.5	30041	5468	2.00705 6.43783 0.181041 0.0459114 0.482137 -7.09489 -1.18812 2.15944 1.05301 -3.46227 -0.553328 1.80364 0.176297 -0.573745 -0.297356 0.00516824 0.0568668 0.00147539 0.00107957 0.0109565 0.0361395 0.00656213 0.0143101 0.0135565 0.0600393 0.00815029 0.0375972 0.00236297 0.0118511 0.00623924
298	395	0.7	30417	5473	1.99631 6.29221 0.177859 0.0439525 0.493669 -7.00273 -1.1742 2.11415 1.02261 -3.33337 -0.538176 1.79555 0.171074 -0.565481 -0.292936 0.00513684 0.0560009 0.00145216 0.00106732 0.010956 0.0355266 0.0065081 0.0142322 0.0132405 0.0597304 0.00807068 0.0371645 0.00233657 0.0116947 0.00622021
298	395	0.9	30800	5603	1.98989 6.29053 0.175306 0.0443391 0.479366 -6.98489 -1.16523 2.10069 1.02245 -3.34224 -0.534071 1.76735 0.16963 -0.555843 -0.289875 0.00502914 0.0559298 0.00143038 0.00105365 0.010831 0.035496 0.00638058 0.0139244 0.0131337 0.0589488 0.0078588 0.0361662 0.00230224 0.0114788 0.0061018
298	405	0.2	58279	10593	1.94611 6.59173 0.164781 0.0401519 0.494761 -7.01876 -1.11094 2.08622 0.982363 -3.5072 -0.487823 1.7059 0.155052 -0.542145 -0.285226 0.00389015 0.0440831 0.00107596 0.000813159 0.00855438 0.028276 0.00490134 0.0111803 0.0103778 0.047304 0.00627364 0.0292989 0.00174922 0.00886127 0.00478439
298	405	0.5	29217	5219	1.95185 6.55184 0.165931 0.0407863 0.484187 -7.03322 -1.11781 2.08655 0.980561 -3.45875 -0.494361 1.73212 0.156918 -0.547995 -0.28689 0.00513151 0.0584032 0.00142159 0.00109813 0.0111492 0.0371392 0.00646773 0.01479 0.0138918 0.0634677 0.00838075 0.0388352 0.00234528 0.0119393 0.00645618
298	405	0.7	29553	5280	1.93977 6.51334 0.16279 0.0410421 0.506122 -6.98485 -1.10259 2.06203 1.00093 -3.44767 -0.494047 1.78349 0.155827 -0.556786 -0.295719 0.00527977 0.0577815 0.00144874 0.00108256 0.0112712 0.0371606 0.00664557 0.0149028 0.0135785 0.0619135 0.00842393 0.0389689 0.0023467 0.0117505 0.00630764
298	405	0.9	30212	5517	1.93108 6.28649 0.160162 0.0391506 0.481496 -6.85353 -1.09127 2.00459 0.94112 -3.38342 -0.475536 1.71438 0.150097 -0.536854 -0.2808 0.00501936 0.0568267 0.0013927 0.00106015 0.0109958 0.0361979 0.00632524 0.0142015 0.0133019 0.0607211 0.00818339 0.0377959 0.00228082 0.0115903 0.00623668
298	415	0.2	56376	10397	1.89154 6.67044 0.151098 0.0377149 0.491015 -6.93154 -1.04268 2.00813 0.940156 -3.54701 -0.443763 1.64451 0.141064 -0.515939 -0.275461 0.00398519 0.0451583 0.00107253 0.000831983 0.00869821 0.029076 0.00498368 0.011391 0.0107168 0.0490077 0.0065592 0.0306717 0.00176756 0.00905882 0.0049533
298	415	0.5	28125	5211	1.89736 6.6446 0.151687 0.0362721 0.517864 -6.9505 -1.04908 2.0125 0.920762 -3.54118 -0.437846 1.59337 0.138688 -0.510627 -0.272988 0.00525254 0.0597844 0.00141821 0.00111908 0.0119176 0.0383655 0.00657843 0.0149949 0.0143096 0.0663365 0.00870803 0.0408929 0.00236889 0.0121387 0.00666117
298	415	0.7	28448	5291	1.88578 6.57199 0.14804 0.037245 0.488201 -6.87974 -1.03385 1.98103 0.920988 -3.41255 -0.444258 1.62394 0.138933 -0.495136 -0.264591 0.00521307 0.0585698 0.00140155 0.00111853 0.0114432 0.0378645 0.00652502 0.0147251 0.0142965 0.0657563 0.0087063 0.0406814 0.00236309 0.0120274 0.00663534
298	415	0.9	28836	5341	1.88047 6.53396 0.146464 0.0344349 0.499464 -6.87993 -1.02697 1.95911 0.898824 -3.39324 -0.430873 1.63402 0.133507 -0.504107 -0.264449 0.00514433 0.0585031 0.00138476 0.00108633 0.011562 0.0371327 0.00644095 0.0147064 0.0138422 0.064272 0.00858085 0.0403731 0.00231467 0.01181 0.0064211
298	425	0.2	53180	9974	1.84551 6.80547 0.139293 0.0346293 0.482702 -6.88969 -0.984851 1.95129 0.891421 -3.43696 -0.400197 1.55795 0.126846 -0.492189 -0.268257 0.0040228 0.0467173 0.00106949 0.000868845 0.00887059 0.0298727 0.00501476 0.0114982 0.0111712 0.0523612 0.00687387 0.0324237 0.0018049 0.00929165 0.00516079
298	425	0.5	27049	5042	1.83972 6.69712 0.137076 0.0318415 0.501769 -6.82723 -0.976825 1.92513 0.868512 -3.40399 -0.384852 1.52118 0.121384 -0.477026 -0.25452 0.00523799 0.0608625 0.00139396 0.00112328 0.0119578 0.0389471 0.0065319 0.0149824 0.0144817 0.0685366 0.00896563 0.042585 0.00235438 0.0121608 0.00668574
298	425	0.7	27261	5185	1.83331 6.73946 0.134394 0.0331393 0.498183 -6.85614 -0.96773 1.90808 0.876323 -3.42603 -0.392744 1.54601 0.122078 -0.476508 -0.25867 0.00531374 0.0611268 0.00141181 0.00113966 0.0118534 0.0387219 0.00663311 0.0150791 0.014706 0.0690675 0.00899747 0.0431048 0.00234876 0.01211 0.00679307
298	425	0.9	27770	5243	1.83539 6.57946 0.134737 0.0338383 0.473133 -6.79897 -0.970153 1.89232 0.865406 -3.38624 -0.402782 1.5269 0.123994 -0.467294 -0.253457 0.00516836 0.0591623 0.00137126 0.00112186 0.0114603 0.0375731 0.00644643 0.0146557 0.0144602 0.0676183 0.00894261 0.0424872 0.0023384 0.0118749 0.00660718
298	435	0.2	50181	9793	1.80529 6.99102 0.128656 0.0320048 0.524418 -6.88734 -0.933992 1.90408 0.851202 -3.43648 -0.359973 1.47896 0.114823 -0.466312 -0.262068 0.00406548 0.048654 0.00106514 0.000894513 0.00954595 0.0305025 0.00504769 0.0113577 0.011642 0.0557953 0.00710653 0.0339722 0.00182881 0.00954693 0.00542115
298	435	0.5	25410	4957	1.80229 6.93604 0.127829 0.0329715 0.502757 -6.84288 -0.930143 1.89154 0.86476 -3.53987 -0.37387 1.52767 0.116834 -0.475654 -0.266336 0.00541139 0.0641254 0.00141854 0.00118784 0.0122723 0.04064 0.00672136 0.015206 0.0154393 0.0729101 0.0095139 0.0452972 0.00244405 0.0126905 0.00715347
298	435	0.7	25549	4863	1.80174 6.88029 0.12705 0.031917 0.497801 -6.83888 -0.928817 1.87598 0.84333 -3.31547 -0.370118 1.53261 0.114573 -0.476947 -0.26475 0.00536531 0.0635944 0.00140521 0.00118418 0.0122099 0.0400798 0.00666285 0.0150422 0.0152846 0.072866 0.0093918 0.0447215 0.00241543 0.0124445 0.00705069
298	435	0.9	25962	5017	1.78955 6.70126 0.1234 0.0310106 0.501957 -6.71851 -0.912974 1.82094 0.83679 -3.26423 -0.36032 1.5093 0.110942 -0.462643 -0.258393 0.00541148 0.0631236 0.00139498 0.00115217 0.0121575 0.0401397 0.00670597 0.0152715 0.0148657 0.0706082 0.00936413 0.0448375 0.00237214 0.0122257 0.00692069
298	445	0.2	46676	9250	1.76942 7.24805 0.120759 0.0293356 0.54379 -6.89022 -0.890218 1.87561 0.824585 -3.5337 -0.325458 1.39868 0.104771 -0.448447 -0.257363 0.00426492 0.0517841 0.00109203 0.000924056 0.0100681 0.0329165 0.00526576 0.0121075 0.0122588 0.059532 0.00747405 0.0361749 0.00186381 0.00977704 0.00562811
298	445	0.5	23501	4724	1.76305 7.20548 0.118547 0.0314621 0.522727 -6.87918 -0.881615 1.85089 0.850439 -3.55389 -0.337449 1.39566 0.10692 -0.445961 -0.259942 0.00567295 0.0686873 0.00145053 0.00124874 0.0130634 0.0435183 0.00700525 0.0160841 0.0165074 0.0781226 0.0101216 0.0484596 0.00252324 0.0129756 0.0075325
298	445	0.7	23756	4740	1.76449 7.05493 0.118116 0.0315485 0.53052 -6.82719 -0.882624 1.82549 0.819221 -3.52267 -0.348113 1.48598 0.107828 -0.458742 -0.264437 0.00576482 0.0677339 0.00146214 0.00124138 0.0130403 0.0429393 0.00711196 0.016001 0.0163582 0.0779947 0.0100497 0.0482578 0.00250842 0.013013 0.00750285
298	445	0.9	24417	4771	1.75338 6.87649 0.113766 0.029131 0.499165 -6.73495 -0.867167 1.77473 0.795591 -3.49909 -0.334686 1.45007 0.101196 -0.433881 -0.245604 0.00545254 0.0654684 0.00138551 0.0011891 0.0125332 0.0411421 0.00673002 0.015226 0.015731 0.075243 0.00968115 0.0469402 0.00240375 0.0126282 0.00721061
298	455	0.2	42819	9000	1.74109 7.53094 0.114275 0.0316237 0.587059 -6.94666 -0.855404 1.86118 0.837677 -3.69737 -0.326311 1.44465 0.104702 -0.457769 -0.273646 0.00447281 0.0553032 0.0011202 0.000989622 0.0108011 0.0352058 0.00549435 0.0127599 0.0132181 0.0644703 0.00804341 0.0391351 0.00197545 0.0103919 0.00608973
298	455	0.5	21866	4631	1.72713 7.4 0.109471 0.0289134 0.563163 -6.84259 -0.836623 1.8123 0.815581 -3.49671 -0.30533 1.32841 0.096847 -0.415476 -0.251321 0.00587091 0.0724029 0.00146592 0.00129772 0.0140472 0.0463012 0.00721055 0.0167178 0.0173563 0.0848379 0.0104779 0.0506846 0.00258952 0.0135558 0.00798833
298	455	0.7	22275	4589	1.73603 7.30119 0.110384 0.0287268 0.598818 -6.8741 -0.846439 1.80099 0.817446 -3.51541 -0.319506 1.46507 0.0985033 -0.449508 -0.26484 0.00564763 0.0711799 0.0014234 0.00126783 0.0143081 0.044864 0.00695411 0.0163067 0.0169504 0.0831634 0.0102005 0.0491423 0.00253478 0.0131581 0.00773699
298	455	0.9	22753	4736	1.71897 7.09522 0.105093 0.0294783 0.497192 -6.74028 -0.824087 1.72367 0.782746 -3.51534 -0.312972 1.34603 0.0950467 -0.404331 -0.243661 0.00559923 0.0698018 0.00137822 0.00125112 0.0128957 0.0440924 0.00686439 0.0161435 0.0167239 0.080042 0.0101704 0.0493276 0.00250187 0.0131521 0.00766138
298	465	0.2	39481	8795	1.71251 7.77914 0.106628 0.0287424 0.614477 -7.01137 -0.819167 1.82099 0.81269 -3.69048 -0.29047 1.37248 0.094019 -0.432079 -0.266149 0.00454099 0.0585145 0.00112448 0.0010194 0.0115356 0.0371786 0.00556083 0.0135557 0.0138347 0.0682443 0.00827629 0.0404058 0.00200735 0.010612 0.00626278
298	465	0.5	20095	4269	1.70382 7.61315 0.10384 0.0270453 0.566562 -6.87752 -0.807679 1.78753 0.765367 -3.52108 -0.276317 1.27907 0.088963 -0.408897 -0.249365 0.00604334 0.0767243 0.0014882 0.00133884 0.0146522 0.0494752 0.00739752 0.018183 0.0183998 0.0898493 0.0108483 0.0523774 0.00263094 0.0137073 0.00822691
298	465	0.7	20239	4372	1.69449 7.62001 0.10218 0.0274725 0.597602 -6.88189 -0.796687 1.77602 0.787858 -3.67649 -0.272484 1.31354 0.0886495 -0.410471 -0.255634 0.0060256 0.0761069 0.00147238 0.00134653 0.0149712 0.048724 0.00735705 0.0174152 0.0181741 0.0884225 0.010986 0.0534183 0.00267079 0.0141263 0.00829235
298	465	0.9	20845	4464	1.70197 7.37438 0.102025 0.0271303 0.578156 -6.8233 -0.804015 1.73424 0.762767 -3.53017 -0.290885 1.34024 0.0885261 -0.415098 -0.257638 0.00591551 0.0741993 0.00145111 0.0013304 0.0143887 0.0470899 0.00724479 0.0173509 0.0178671 0.0879438 0.0108058 0.0528875 0.00264202 0.0138989 0.00814984
298	475	0.2	36626	8340	1.67758 8.04203 0.0992363 0.0276677 0.640728 -7.00926 -0.776845 1.80046 0.792695 -3.84777 -0.257689 1.30227 0.0858545 -0.424641 -0.272689 0.00465838 0.0613153 0.00113311 0.00105622 0.0120729 0.0394278 0.00567578 0.0141612 0.0145986 0.0729477 0.00865286 0.0423538 0.00204537 0.0108875 0.00657811
298	475	0.5	18719	4067	1.66102 7.79358 0.0950224 0.0277392 0.622891 -6.86179 -0.756062 1.73083 0.758898 -3.83012 -0.258793 1.26056 0.0841361 -0.410358 -0.263035 0.00640436 0.0805299 0.00152771 0.00140107 0.0158974 0.0520102 0.0077805 0.0189236 0.0192782 0.0952485 0.0114727 0.0562209 0.0027079 0.0144182 0.00870465
298	475	0.7	18720	4104	1.67134 7.74201 0.0973905 0.0271345 0.617755 -6.89303 -0.768742 1.74536 0.761204 -3.55905 -0.252649 1.2451 0.0836913 -0.403163 -0.259838 0.00607491 0.0799175 0.00146857 0.00140365 0.015778 0.0510037 0.00738411 0.0184272 0.0192138 0.0950408 0.011412 0.0562422 0.00271525 0.014605 0.00872463
298	475	0.9	19475	4229	1.6608 7.55528 0.0926618 0.0257162 0.642551 -6.79764 -0.753485 1.68303 0.752153 -3.65967 -0.25448 1.29163 0.0806608 -0.394722 -0.256052 0.00579313 0.0774833 0.00138631 0.00133419 0.015769 0.0490669 0.00703935 0.0176016 0.0184229 0.0915988 0.0109564 0.0542893 0.00259183 0.0137482 0.00834788
298	485	0.2	33567	7807	1.65626 8.20426 0.0943606 0.0272077 0.687285 -6.9986 -0.750646 1.76334 0.765301 -3.88854 -0.237592 1.27117 0.0804863 -0.422075 -0.280743 0.00490632 0.064955 0.00117039 0.0011123 0.0130424 0.0420915 0.00595573 0.015288 0.0155821 0.0773933 0.00905953 0.0446654 0.0021247 0.0111865 0.00692154
298	485	0.5	17086	4007	1.64514 8.13816 0.0900511 0.0251035 0.631452 -6.95697 -0.735204 1.72132 0.756954 -3.6652 -0.229308 1.15249 0.0746122 -0.382597 -0.25472 0.00649084 0.0857387 0.00153999 0.00146007 0.0166241 0.0553639 0.00788206 0.0202591 0.0204568 0.101813 0.0119805 0.0592027 0.00281578 0.0148124 0.00900305
298	485	0.7	17444	4092	1.64694 7.88316 0.0921584 0.0270996 0.645376 -6.86917 -0.739122 1.71648 0.738731 -3.6945 -0.243915 1.25121 0.0802982 -0.404755 -0.26677 0.00663078 0.0835569 0.0015766 0.00146385 0.0166595 0.054139 0.00804984 0.0198523 0.0203286 0.0994024 0.011999 0.059285 0.0028347 0.0151551 0.00903251
298	485	0.9	17889	4062	1.64604 7.73688 0.0887627 0.025651 0.631571 -6.8265 -0.73482 1.66869 0.724964 -3.59919 -0.253892 1.31344 0.0770116 -0.405 -0.263565 0.00617433 0.0816906 0.00145515 0.00140832 0.0161607 0.0524069 0.00749011 0.0192193 0.0194325 0.0970511 0.0115166 0.0570132 0.00268863 0.0139606 0.00859556
298	495	0.2	30583	7599	1.63222 8.50492 0.0881438 0.027102 0.700991 -7.07416 -0.720388 1.74184 0.742728 -4.01018 -0.227682 1.15113 0.0763237 -0.388698 -0.274622 0.00501437 0.0688098 0.00117717 0.00117747 0.0137104 0.044496 0.00606855 0.0162233 0.0165704 0.0833592 0.0095672 0.0474064 0.00223887 0.0118888 0.00735008
298	495	0.5	15630	3833	1.61865 8.4232 0.0850639 0.0255044 0.708903 -7.03351 -0.703734 1.70867 0.737874 -3.91069 -0.214803 1.18027 0.0726504 -0.38333 -0.264259 0.00724424 0.0912746 0.00165256 0.0015508 0.0183142 0.0590443 0.00874022 0.0218341 0.0219028 0.108858 0.0129802 0.0637376 0.00298631 0.0157819 0.00971987
298	495	0.7	16167	3841	1.62049 8.11626 0.0842624 0.0267073 0.67543 -6.92776 -0.704769 1.6725 0.746072 -3.57674 -0.227062 1.18634 0.0745207 -0.375603 -0.26403 0.0062676 0.0878118 0.0014706 0.00151354 0.0175488 0.0557553 0.00757066 0.0203595 0.0210554 0.10601 0.0123749 0.0618113 0.002877 0.0154238 0.00943999
298	495	0.9	16559	3940	1.61384 7.97154 0.0824134 0.024462 0.603632 -6.83991 -0.696275 1.63578 0.693419 -3.66002 -0.218743 1.19352 0.0694199 -0.364494 -0.249668 0.00640428 0.0857538 0.0014765 0.00146939 0.0163357 0.0552145 0.00772727 0.0199634 0.0206757 0.103796 0.0120468 0.0596845 0.00282993 0.0149775 0.00918376
298	505	0.2	27997	7294	1.60872 8.87825 0.0844318 0.0248594 0.766633 -7.13646 -0.693179 1.751 0.718437 -3.98262 -0.190527 1.12831 0.0689519 -0.387785 -0.27868 0.0052117 0.0726465 0.00120954 0.00121896 0.0149314 0.047239 0.00628039 0.0175582 0.017516 0.0894176 0.00991515 0.0488611 0.00228911 0.0119998 0.007573
298	505	0.5	14226	3577	1.60084 8.68164 0.0811506 0.0235952 0.711565 -7.0825 -0.682007 1.69453 0.726681 -3.84946 -0.181756 1.00415 0.0642191 -0.353053 -0.262458 0.00720362 0.0953088 0.001654 0.00161118 0.0190603 0.0619105 0.00868346 0.0236889 0.0229601 0.117163 0.0131421 0.0653158 0.00304307 0.0160823 0.0100816
298	505	0.7	14414	3701	1.60284 8.6546 0.080753 0.0264162 0.703303 -7.07396 -0.683608 1.70215 0.727651 -3.92065 -0.216466 1.20453 0.0709205 -0.382712 -0.273867 0.00685957 0.0946554 0.00157633 0.00160589 0.0187487 0.0612249 0.00826204 0.0226642 0.0229768 0.116599 0.0132683 0.0664128 0.00304655 0.0163994 0.0101024
298	505	0.9	15322	3650	1.59258 8.07073 0.076598 0.0235603 0.692049 -6.89085 -0.669192 1.58534 0.672233 -3.81375 -0.200353 1.11543 0.0634369 -0.351557 -0.258278 0.00664785 0.089598 0.00151394 0.00151083 0.0181703 0.0570776 0.00800879 0.0218298 0.0214443 0.107355 0.0125033 0.0638718 0.00289516 0.0159789 0.00960779
298	515	0.2	25283	6795	1.59673 9.26888 0.0811624 0.026285 0.824765 -7.2854 -0.677909 1.75868 0.707972 -4.12594 -0.190713 1.08804 0.0680619 -0.394336 -0.296965 0.00535633 0.0777908 0.00123675 0.00129637 0.0162516 0.0501005 0.0064474 0.0186234 0.0191172 0.095763 0.0104576 0.0521878 0.00238216 0.0122755 0.00792447
298	515	0.5	12999	3564	1.58873 8.94488 0.0785894 0.0234349 0.821807 -7.11413 -0.667337 1.71528 0.704294 -4.01438 -0.185256 1.09377 0.0640631 -0.371743 -0.281151 0.00692824 0.100651 0.0016023 0.00170238 0.0213018 0.065237 0.00833653 0.0241954 0.024537 0.12441 0.0139386 0.0697842 0.00320545 0.0168695 0.0106065
298	515	0.7	13375	3420	1.57935 8.8019 0.0752118 0.0223855 0.730027 -7.07105 -0.654577 1.64442 0.681622 -3.78055 -0.173243 1.10661 0.059319 -0.355385 -0.257912 0.00697821 0.0988585 0.00159838 0.00165051 0.0198902 0.0640387 0.0083932 0.0241958 0.0239989 0.122636 0.0134595 0.0672275 0.00311127 0.0168364 0.0103389
298	515	0.9	13918	3569	1.57901 8.33702 0.0728933 0.0233023 0.745269 -6.89076 -0.651916 1.57842 0.653468 -3.86566 -0.197775 1.03955 0.06136 -0.337303 -0.259365 0.00646462 0.0951228 0.00147559 0.00161917 0.019679 0.0607906 0.0077836 0.0229655 0.0232253 0.116419 0.0132565 0.0674358 0.00305845 0.0166627 0.0103111
298	525	0.2	23150	6603	1.57169 9.55604 0.0762659 0.0234728 0.811318 -7.29107 -0.647972 1.72826 0.718499 -4.10657 -0.162067 1.00958 0.0609039 -0.357824 -0.276785 0.00560544 0.0815433 0.00127198 0.00134129 0.016615 0.052897 0.00672084 0.0200574 0.0197577 0.101331 0.0109205 0.0547424 0.00249282 0.0132262 0.00838994
298	525	0.5	11867	3331	1.56898 9.19427 0.0743124 0.0229309 0.828815 -7.11188 -0.643305 1.69239 0.633292 -4.01415 -0.168338 1.01334 0.0593013 -0.364189 -0.276789 0.00742884 0.106195 0.00169745 0.00178086 0.0223336 0.0697874 0.00892229 0.0263307 0.0262051 0.134916 0.0144706 0.0726896 0.00329624 0.0171153 0.010932
298	525	0.7	11919	3362	1.57611 9.18436 0.0747035 0.0237644 0.837821 -7.20428 -0.650827 1.67555 0.678327 -3.99816 -0.177976 1.08329 0.0615052 -0.369261 -0.2854 0.00739203 0.10565 0.00166693 0.00178944 0.0222712 0.0677468 0.00887365 0.0263459 0.0258542 0.132448 0.0144937 0.0725975 0.00331986 0.0175285 0.0112067
298	525	0.9	12678	3443	1.56179 8.78711 0.0705829 0.02032 0.783679 -7.0385 -0.632384 1.59103 0.65076 -3.78293 -0.167478 1.07368 0.0539955 -0.338451 -0.257265 0.00714674 0.101166 0.00159513 0.00164454 0.0209979 0.0650327 0.00856778 0.0247183 0.0242764 0.126132 0.0137256 0.0697054 0.00309637 0.0166677 0.0103796
298	535	0.2	21003	6304	1.55615 9.96627 0.0724492 0.024563 0.917984 -7.3735 -0.628621 1.74062 0.708524 -4.29499 -0.148174 0.993819 0.0584958 -0.370861 -0.304961 0.00575471 0.0869522 0.00129835 0.0014254 0.0183711 0.0566416 0.0068884 0.0211838 0.0213546 0.110089 0.011424 0.0569303 0.00257368 0.0129121 0.00863395
298	535	0.5	10788	3177	1.56131 9.5043 0.0727728 0.0240926 0.872931 -7.20264 -0.634097 1.65973 0.657543 -4.16489 -0.15571 0.926134 0.0581573 -0.358538 -0.296013 0.00835066 0.114128 0.0018464 0.00187965 0.0239696 0.0759768 0.00999953 0.0293446 0.0283313 0.141802 0.0151204 0.0744801 0.00342936 0.0168956 0.0112262
298	535	0.7	11040	3123	1.55724 9.31422 0.0709031 0.0249156 0.851857 -7.19889 -0.628159 1.66237 0.670066 -3.94348 -0.163268 1.01773 0.0587582 -0.359038 -0.294429 0.00768881 0.110989 0.00171262 0.00187032 0.0232386 0.0714289 0.00920949 0.0271284 0.0274216 0.140194 0.0150746 0.0751643 0.00343934 0.0173658 0.0113023
298	535	0.9	11742	3339	1.54442 8.94991 0.0658346 0.0216977 0.809446 -7.07131 -0.61027 1.57323 0.671583 -3.87354 -0.148732 0.972143 0.0517488 -0.326065 -0.268293 0.00702932 0.10487 0.00154713 0.00174279 0.021971 0.0666507 0.00840425 0.0258032 0.025526 0.13169 0.0142547 0.0728652 0.00324484 0.0176395 0.0111245
298	545	0.2	19327	5966	1.54792 10.2791 0.0701619 0.0246714 0.956579 -7.44219 -0.6181 1.73039 0.719565 -4.36462 -0.145986 0.950148 0.0564173 -0.364961 -0.310498 0.00605758 0.0915421 0.00135596 0.00149306 0.0195062 0.0597527 0.00725185 0.0228478 0.0224167 0.115887 0.0119998 0.0599951 0.00272081 0.0137436 0.00901657
298	545	0.5	9660	3009	1.5383 10.1453 0.0679507 0.0233859 0.867878 -7.37773 -0.606262 1.68759 0.642706 -4.25547 -0.141051 0.89699 0.0534378 -0.333246 -0.279823 0.00850169 0.122533 0.00184125 0.00205055 0.0250204 0.0789284 0.0101289 0.0310317 0.0302374 0.155674 0.0166534 0.0829394 0.00378119 0.019782 0.0126977
298	545	0.7	10006	3099	1.53664 9.63871 0.0667159 0.0213425 0.998411 -7.2146 -0.603367 1.62055 0.674591 -4.28441 -0.147566 1.02135 0.0523814 -0.354932 -0.295292 0.00824241 0.118352 0.00179066 0.00196937 0.0263073 0.0775389 0.00983526 0.0299669 0.0289525 0.148328 0.0160072 0.0804428 0.003621 0.018623 0.0120705
298	545	0.9	10606	3051	1.52698 9.20031 0.0624327 0.0215203 0.867747 -7.09574 -0.589427 1.55012 0.623633 -3.99719 -0.14038 0.952663 0.0490655 -0.315991 -0.274477 0.00754162 0.110993 0.00164373 0.00186362 0.023769 0.0713034 0.00900864 0.027273 0.0276902 0.142407 0.0152304 0.0763027 0.00347307 0.0177532 0.0113525
298	575	0.2	72656	25615	1.50845 11.3201 0.063137 0.0242666 1.14899 -7.63719 -0.571639 1.72153 0.658339 -4.76939 -0.106584 0.763861 0.0491076 -0.340244 -0.334064 0.00341706 0.0573817 0.000733762 0.000897062 0.0128537 0.0363406 0.00405022 0.0137549 0.0142659 0.0761082 0.00706882 0.0368198 0.0015852 0.00829273 0.00555765
298	575	0.5	37410	13101	1.50273 11.0167 0.0616862 0.0239533 1.11114 -7.56895 -0.564448 1.67449 0.646984 -4.56826 -0.110408 0.779613 0.0485588 -0.336513 -0.323847 0.00444245 0.0723826 0.000956749 0.00116618 0.01613 0.0458497 0.00526521 0.0175826 0.0180382 0.0957879 0.0092929 0.0478477 0.00208551 0.0109129 0.00721834
298	575	0.7	38877	13166	1.4988 10.5972 0.0584596 0.0213221 1.06106 -7.47325 -0.557294 1.59564 0.624727 -4.29269 -0.106809 0.786378 0.0426384 -0.309673 -0.301956 0.00426344 0.0695296 0.000901692 0.00109661 0.0155396 0.0436451 0.00505156 0.0169165 0.0172132 0.0916534 0.00887483 0.0461817 0.00197144 0.010195 0.00665302
298	575	0.9	41198	14043	1.48795 9.86803 0.0549445 0.0208373 1.06923 -7.22689 -0.542934 1.49807 0.586276 -3.97913 -0.122794 0.876785 0.0430869 -0.312418 -0.299141 0.00405857 0.0652386 0.000848397 0.00104766 0.0152244 0.0408495 0.00480255 0.0157628 0.0163414 0.086271 0.00851051 0.0445149 0.00190039 0.00994381 0.00643379
298	605	0.2	10709	4585	1.48307 12.8238 0.0566164 0.0219329 1.44637 -8.0186 -0.539696 1.76486 0.654351 -4.86983 -0.0704949 0.54611 0.0387967 -0.318714 -0.362735 0.00757069 0.130853 0.00162582 0.00202819 0.0307733 0.0827471 0.0089623 0.0317415 0.0321426 0.174923 0.0159567 0.0843111 0.00360044 0.0198247 0.013102
298	605	0.5	5642	2289	1.45166 11.8444 0.0503331 0.0213481 1.33223 -7.55769 -0.501999 1.60189 0.606723 -4.44985 -0.0529835 0.618758 0.0351708 -0.300207 -0.342684 0.00998967 0.169311 0.00211033 0.00268521 0.0390265 0.110012 0.0117872 0.0426814 0.04178 0.225713 0.0210211 0.109571 0.00481572 0.0274024 0.0178401
298	605	0.7	5791	2291	1.45348 11.7125 0.048371 0.0233059 1.36237 -7.68155 -0.501853 1.5899 0.615826 -5.01326 -0.0917209 0.844661 0.0389482 -0.350644 -0.363131 0.00912362 0.162878 0.00191569 0.00258396 0.0389164 0.100678 0.0107775 0.0388365 0.0412376 0.217802 0.0211591 0.10943 0.00462003 0.0264933 0.0174398
298	605	0.9	6135	2389	1.45968 11.0557 0.0485688 0.0238337 1.19595 -7.59302 -0.508257 1.48618 0.621243 -4.39527 -0.091024 0.826472 0.0378022 -0.304497 -0.334608 0.00934497 0.15421 0.00189943 0.00246757 0.0354458 0.0962258 0.0109893 0.0380704 0.039209 0.208734 0.0199121 0.102171 0.00447264 0.0224561 0.0146306
298	615	0.2	9790	4271	1.45547 13.0735 0.0511485 0.0242264 1.47632 -7.95666 -0.506629 1.72009 0.650226 -5.25616 -0.0491103 0.553538 0.0372952 -0.327856 -0.377057 0.00779312 0.137506 0.00162997 0.00211684 0.0322594 0.08634 0.00917676 0.0327212 0.0346364 0.184833 0.0163498 0.0868006 0.00366122 0.0200428 0.0135974
298	615	0.5	4916	2178	1.43735 12.7185 0.0485286 0.0230531 1.52965 -7.84039 -0.485878 1.65051 0.620009 -5.01847 -0.0546494 0.565868 0.0378265 -0.325657 -0.376549 0.0106041 0.184486 0.00213938 0.00285337 0.0441692 0.120307 0.0123882 0.0468147 0.0467961 0.249634 0.0233566 0.122626 0.00508225 0.0278764 0.0185648
298	615	0.7	5332	2201	1.421 11.8161 0.0426357 0.0217693 1.31662 -7.60315 -0.463646 1.51062 0.562532 -4.65722 -0.0688724 0.565734 0.0328668 -0.271085 -0.333044 0.00982886 0.168479 0.00198924 0.00273972 0.0396974 0.10407 0.01152 0.0394684 0.0432303 0.231086 0.0218118 0.114656 0.00492294 0.0273253 0.0177409
298	615	0.9	5649	2262	1.43418 11.2983 0.0439444 0.0199073 1.32479 -7.60116 -0.478125 1.46765 0.467523 -4.40508 -0.0624218 0.600014 0.030634 -0.264006 -0.327075 0.0092474 0.162543 0.00182823 0.00252655 0.0388344 0.0999021 0.0108237 0.038689 0.0421685 0.221806 0.0208336 0.110251 0.00459584 0.0250824 0.0161189
298	625	0.2	8863	4134	1.44119 13.7043 0.0495356 0.0222013 1.62719 -8.1029 -0.490735 1.70872 0.633457 -5.34195 -0.04418 0.471255 0.035369 -0.30795 -0.380289 0.00833162 0.14745 0.00172695 0.00226319 0.0353252 0.0929131 0.00979386 0.0354871 0.0368622 0.199885 0.0180598 0.0974399 0.00396208 0.0228892 0.0151074
298	625	0.5	4656	2132	1.43068 12.7938 0.0447811 0.0244736 1.53244 -7.84671 -0.475468 1.63095 0.588599 -5.04868 -0.0594935 0.566841 0.0341648 -0.302225 -0.382851 0.0101784 0.185738 0.0021123 0.00296671 0.0452208 0.113886 0.0119508 0.0432019 0.0489723 0.260307 0.0233634 0.125719 0.00527088 0.0295225 0.0191723
298	625	0.7	4759	2103	1.44277 12.6213 0.0476871 0.0216704 1.55013 -8.00652 -0.49046 1.5609 0.574067 -4.95588 -0.0622547 0.695178 0.0343442 -0.312278 -0.374043 0.0109344 0.187272 0.00222674 0.00276826 0.0451002 0.117187 0.0128497 0.0459486 0.0469888 0.251724 0.0229046 0.125303 0.00491399 0.0304653 0.0198046
298	625	0.9	5211	2225	1.41805 11.3202 0.0411027 0.0164649 1.40281 -7.56305 -0.459156 1.4497 0.446087 -4.14382 -0.0607995 0.579593 0.0274276 -0.252109 -0.309756 0.0100097 0.166839 0.00194303 0.00253347 0.0411445 0.10016 0.0117002 0.0389609 0.0424959 0.235011 0.0214153 0.121086 0.00452751 0.029172 0.0187408
298	635	0.2	7896	3899	1.45238 14.3722 0.0518913 0.0234348 1.66697 -8.33347 -0.504278 1.78083 0.619492 -5.35052 -0.0567466 0.436929 0.0378776 -0.307876 -0.390455 0.00877023 0.15881 0.00184975 0.0023625 0.0375004 0.100537 0.0103374 0.0378355 0.0404202 0.218487 0.0186267 0.104733 0.00416238 0.0268121 0.0173408
298	635	0.5	4220	1911	1.43622 13.5594 0.0468526 0.0227117 1.60039 -8.03515 -0.483078 1.68641 0.644724 -5.2944 -0.0483335 0.311722 0.0329165 -0.270447 -0.374726 0.0114836 0.204033 0.00235538 0.00316465 0.0483479 0.128272 0.01349 0.0493802 0.0513966 0.276595 0.0249632 0.136586 0.00567966 0.0347971 0.0220047
298	635	0.7	4356	2039	1.43681 13.0696 0.0435076 0.0224041 1.55037 -8.18392 -0.48032 1.59216 0.599752 -5.13278 -0.0589006 0.640731 0.030187 -0.307756 -0.373301 0.0110308 0.196336 0.00218016 0.00280895 0.0470555 0.115583 0.0129748 0.0463573 0.0497559 0.266047 0.0233557 0.127316 0.00500267 0.0265046 0.0173991
298	635	0.9	4743	2087	1.42643 11.694 0.0418717 0.0149186 1.41863 -7.56492 -0.468305 1.44958 0.456698 -4.23733 -0.0478282 0.52017 0.0228363 -0.23639 -0.305436 0.00998753 0.17832 0.00202558 0.00286253 0.0436156 0.111908 0.0117417 0.0431865 0.0452097 0.243569 0.0231609 0.12504 0.00520966 0.0284495 0.0181173
298	645	0.2	7540	3774	1.42314 14.1321 0.0454351 0.0212326 1.79504 -8.24633 -0.46859 1.65898 0.607787 -5.02879 -0.00872742 0.167827 0.0264515 -0.283803 -0.40566 0.00871818 0.15972 0.00180322 0.00227914 0.0396863 0.0978034 0.010254 0.0377024 0.0402697 0.222275 0.0179021 0.102992 0.00392589 0.0255731 0.0168063
298	645	0.5	3796	1969	1.41945 14.1904 0.0433618 0.0233546 1.84136 -8.33273 -0.462823 1.71691 0.574021 -5.8176 -0.0177792 0.484576 0.0282157 -0.319041 -0.41439 0.0120554 0.209971 0.0024515 0.00349868 0.0550455 0.124818 0.014141 0.0475318 0.0554523 0.295741 0.0266675 0.14181 0.00607311 0.0336444 0.0224389
298	645	0.7	4006	2001	1.40774 13.116 0.0397596 0.017123 1.69073 -8.01519 -0.447506 1.48707 0.568702 -4.42069 -0.0303319 0.518361 0.0228484 -0.286644 -0.36883 0.0114427 0.204619 0.0023056 0.00207467 0.0502147 0.126576 0.0134333 0.0489505 0.0498007 0.280778 0.0209557 0.138249 0.00356483 0.0334669 0.0209732
298	645	0.9	4319	1977	1.3955 12.303 0.0360207 0.0203483 1.46993 -7.90622 -0.431523 1.42579 0.438102 -4.36715 -0.0554202 0.344404 0.0252138 -0.232975 -0.345184 0.0103678 0.184052 0.00197013 0.00292084 0.0460312 0.107812 0.0120811 0.0391814 0.0492744 0.263404 0.0229763 0.12833 0.00516924 0.0300022 0.0192548
298	655	0.2	6638	3638	1.42609 15.136 0.046729 0.027955 1.93846 -8.4224 -0.472828 1.75103 0.628192 -5.22648 -0.0487969 0.427988 0.0396657 -0.337854 -0.453109 0.0094528 0.174987 0.00193032 0.00280142 0.0436502 0.109935 0.0110829 0.0409911 0.0454286 0.248063 0.0210609 0.114305 0.00489638 0.0286997 0.0190529
298	655	0.5	3507	1864	1.41989 14.202 0.041878 0.0302401 1.74921 -8.15059 -0.461776 1.60486 0.640202 -4.95901 -0.0757572 0.420535 0.0402393 -0.318161 -0.435215 0.0123726 0.230435 0.00250208 0.00353469 0.0548944 0.145393 0.0145441 0.0560293 0.0597625 0.318558 0.0269772 0.150205 0.00612031 0.0388466 0.0258706
298	655	0.7	3668	1788	1.46294 13.5743 0.0432973 0.0144849 1.82465 -8.23946 -0.506247 1.62867 0.468743 -5.07219 -0.0888063 0.431908 0.0207873 -0.281205 -0.369217 0.0104011 0.213704 0.0022871 0.00339874 0.0551711 0.129789 0.0125279 0.0500558 0.054687 0.300113 0.0249865 0.146216 0.0060868 0.0364815 0.0238369
298	655	0.9	3969	1938	1.4831 12.7352 0.0467986 0.0164619 1.72078 -8.17393 -0.52991 1.61304 0.484482 -4.28307 -0.0967022 0.698237 0.0252635 -0.272088 -0.366944 0.00258877 0.198702 0.000427925 0.00284034 0.0511454 0.113267 0.00300794 0.0397271 0.051077 0.283289 0.0232217 0.136012 0.00507996 0.0314905 0.0201563
298	665	0.2	6000	3474	1.41357 15.4651 0.0437235 0.0252712 2.0659 -8.52998 -0.457298 1.68714 0.523771 -5.26433 -0.0187909 0.0519252 0.0306851 -0.279171 -0.447298 0.00983251 0.187274 0.00196898 0.00272663 0.046972 0.117426 0.0114859 0.0444325 0.0479743 0.265343 0.0210531 0.125092 0.0046725 0.0323962 0.0211236
298	665	0.5	3031	1726	1.43455 15.1541 0.0369181 0.0252439 1.93263 -8.46466 -0.471474 1.66229 0.506892 -5.78079 -0.049873 0.37511 0.0245129 -0.283903 -0.449512 0.000148022 0.24505 3.70533e-05 0.00388669 0.0610541 0.138713 9.8127e-05 0.0459079 0.0616355 0.350804 0.0287327 0.160662 0.00679643 0.0410136 0.0276205
298	665	0.7	3389	1807	1.39104 13.8701 0.0363434 0.0203906 1.84262 -8.08978 -0.427384 1.50426 0.522592 -4.69073 -0.0484661 0.489281 0.026736 -0.309858 -0.404904 0.0122182 0.227118 0.00233366 0.00291766 0.0566582 0.139265 0.0143014 0.0536703 0.0576917 0.319027 0.0256438 0.155229 0.00498865 0.0386421 0.0250014
298	665	0.9	3643	1775	1.37917 12.8559 0.0301961 0.024867 1.7884 -8.04309 -0.40937 1.37967 0.580183 -4.83911 -0.0669756 0.398867 0.0279195 -0.261807 -0.398653 0.0125161 0.203737 0.00200291 0.00331486 0.0546762 0.115783 0.0145174 0.0467825 0.054277 0.295046 0.0262583 0.147916 0.00587243 0.0364986 0.0236034
298	675	0.2	5498	3420	1.40721 16.33 0.0431611 0.025824 2.26047 -8.76921 -0.450376 1.71414 0.614853 -5.97596 0.0129204 0.117294 0.0282173 -0.296536 -0.485629 0.0102743 0.198181 0.00205846 0.00292295 0.0510096 0.12229 0.011998 0.0456681 0.0513165 0.278548 0.0226304 0.128504 0.00505754 0.0334513 0.0220248
298	675	0.5	2857	1674	1.38626 15.3437 0.0369132 0.0222529 2.1422 -8.42396 -0.423178 1.58715 0.529221 -4.99588 -0.0116982 0.0928752 0.0227446 -0.278629 -0.4586 0.0134329 0.262155 0.00252606 0.00234703 0.0656707 0.16488 0.0157777 0.0630733 0.0661513 0.364227 0.019413 0.160871 0.00405862 0.0383806 0.0243348
298	675	0.7	3037	1794	1.38428 14.3529 0.0359252 0.0141222 1.88064 -8.21957 -0.420205 1.49761 0.435453 -4.71724 0.0117967 0.205844 0.0111286 -0.205045 -0.352344 0.0132117 0.246639 0.002514 0.00313177 0.0605616 0.157209 0.0154349 0.0608654 0.0621242 0.346426 0.0273983 0.163981 0.00537187 0.0425015 0.026863
298	675	0.9	3351	1785	1.36788 12.9291 0.0287233 0.0189884 1.834 -7.99234 -0.396609 1.30608 0.524687 -4.63422 0.0268598 0.281058 0.0107939 -0.187739 -0.377814 0.0111936 0.217178 0.00168081 0.00247409 0.0566498 0.125621 0.0128724 0.0469897 0.0548294 0.305215 0.0163593 0.157052 0.00410313 0.0402098 0.0251331
298	685	0.2	5004	3174	1.40895 16.5759 0.0418115 0.0228059 2.43926 -8.75664 -0.450771 1.77429 0.582074 -5.45658 -0.00342076 0.0393456 0.0254395 -0.264357 -0.470027 0.010586 0.206994 0.00213851 0.00307295 0.0553976 0.124931 0.0124034 0.0466989 0.0534427 0.297843 0.0234989 0.137125 0.00533266 0.0358504 0.0232871
298	685	0.5	2567	1691	1.35917 16.4286 0.0273947 0.0204926 2.19051 -8.5032 -0.386562 1.5545 0.496273 -5.2516 0.0296603 -0.0578376 0.0125552 -0.199462 -0.421621 0.0141708 0.281966 0.00189257 0.00313231 0.0699055 0.170558 0.0160603 0.0632352 0.0726181 0.399627 0.0266067 0.181584 0.00502718 0.047248 0.031611
298	685	0.7	2825	1667	1.37458 14.3792 0.0343488 0.0269403 2.06388 -8.1995 -0.408938 1.47208 0.427714 -5.02239 -0.0169961 0.121105 0.026574 -0.248531 -0.447211 0.0132472 0.250301 0.00256993 0.00389977 0.0656681 0.153537 0.0154253 0.0587361 0.066517 0.359651 0.0302267 0.175063 0.00669538 0.0461168 0.030208
298	685	0.9	3009	1716	1.32293 13.4327 0.021195 0.0223721 1.84731 -7.83301 -0.344131 1.21725 0.45827 -4.95362 0.0560276 0.0823369 0.00812277 -0.177039 -0.394775 0.00139887 0.236593 0.00019583 0.00257953 0.0597749 0.138155 0.0015792 0.0477797 0.0602497 0.333736 0.0170864 0.160385 0.00413206 0.0401595 0.0263171
298	695	0.2	4437	3053	1.39348 17.8 0.0401218 0.0233739 2.53651 -8.97721 -0.433609 1.76877 0.614751 -6.44784 0.0390259 -0.00207278 0.020948 -0.278139 -0.494309 0.011495 0.228545 0.00225466 0.00309757 0.0593819 0.140705 0.0133883 0.0530599 0.0566988 0.319779 0.0247557 0.147844 0.0051974 0.0364691 0.0244626
298	695	0.5	2323	1516	1.34013 16.3405 0.0227975 0.0292461 2.37071 -8.48445 -0.362933 1.47636 0.604535 -5.10856 0.127265 0.328372 0.00159955 -0.271355 -0.467401 0.0107675 0.295332 0.00108747 0.00303858 0.0764766 0.173922 0.0118494 0.0619635 0.073706 0.41233 0.0199391 0.196672 0.00479558 0.0477402 0.0315794
298	695	0.7	2631	1573	1.358 15.1689 0.0272321 0.018878 2.09195 -8.98976 -0.385239 1.31122 0.51467 -4.62815 0.0165074 0.0330217 0.0100059 -0.176349 -0.393188 0.00503323 0.249333 0.000713765 0.00293932 0.0680084 0.0791213 0.00574255 0.0220342 0.0666019 0.375402 0.0253323 0.181724 0.00495352 0.0470574 0.0298266
298	695	0.9	2795	1648	1.38976 13.8339 0.0279564 0.0183225 1.81816 -8.25318 -0.417719 1.38682 0.540869 -5.18655 -0.0278501 0.278995 0.01172 -0.169255 -0.361242 0.011771 0.246803 0.00235386 0.00355771 0.0616604 0.150719 0.0141235 0.0589635 0.0615109 0.348373 0.0279895 0.174339 0.00627708 0.0432828 0.0270831
298	725	0.2	17502	13638	1.37544 18.9166 0.0389168 0.0278678 3.03553 -9.09926 -0.414375 1.73843 0.650785 -6.45572 0.0319852 -0.212624 0.0264888 -0.288798 -0.568332 0.00620177 0.134351 0.00120608 0.0018786 0.0370961 0.0833527 0.00720085 0.031225 0.0343341 0.193427 0.0138499 0.0842546 0.00306938 0.0222847 0.015183
298	725	0.5	9025	6988	1.38326 18.143 0.0367009 0.0250891 2.92242 -9.09179 -0.419974 1.66404 0.468115 -5.95971 0.000107165 -0.0725595 0.0229305 -0.253901 -0.534791 0.00812135 0.172315 0.00155896 0.00233329 0.0470929 0.107233 0.00946153 0.0406299 0.0449192 0.249723 0.0178908 0.11405 0.00387092 0.0307372 0.0201848
298	725	0.7	9716	6936	1.36335 16.9801 0.0330319 0.0242517 2.64369 -8.81233 -0.396389 1.53928 0.438295 -5.51458 0.0020407 0.0274635 0.0216963 -0.253622 -0.498278 0.00768349 0.159943 0.00144637 0.00215726 0.0434963 0.0985419 0.00893432 0.0370071 0.0418064 0.231413 0.0169716 0.105127 0.00359442 0.0279826 0.0185974
298	725	0.9	11138	7273	1.34631 14.4918 0.0275997 0.0200566 2.31796 -8.22676 -0.37392 1.33599 0.379727 -4.23089 -0.0030434 0.0847189 0.0168106 -0.199567 -0.423711 0.00678012 0.136813 0.00115228 0.00189444 0.038331 0.0795263 0.00780572 0.0294984 0.0361723 0.202812 0.0157882 0.0964961 0.00330181 0.024994 0.016022
298	775	0.2	11119	11184	1.35294 22.0746 0.0337453 0.0252451 3.99772 -9.7619 -0.386698 1.81914 0.459241 -5.9943 0.0672315 -0.733595 0.0147138 -0.23766 -0.641725 0.00744261 0.174154 0.00140223 0.00224298 0.0511901 0.105723 0.00864311 0.0386878 0.0458253 0.261472 0.0172609 0.11084 0.00359745 0.0305684 0.0206984
298	775	0.5	5932	5663	1.34994 20.8768 0.0312508 0.0251962 3.72569 -9.51488 -0.381202 1.69459 0.364806 -6.47918 0.0564395 -0.603356 0.0146199 -0.219991 -0.605044 0.00965918 0.222015 0.00176018 0.00293841 0.0636089 0.139183 0.0111542 0.0523226 0.0589146 0.327756 0.0233757 0.144016 0.00480836 0.040028 0.0267997
298	775	0.7	6339	5669	1.34553 19.6807 0.0291947 0.0225948 3.52715 -9.50818 -0.374734 1.60663 0.487269 -5.87952 0.0366688 -0.42168 0.0148926 -0.207514 -0.560674 0.0092309 0.207028 0.00161368 0.00278314 0.0599546 0.123411 0.0106312 0.0457786 0.0541476 0.30686 0.0215273 0.139252 0.00457589 0.0373777 0.0247559
298	775	0.9	7332	5909	1.32528 16.7803 0.0249422 0.0206251 3.24716 -8.77688 -0.350232 1.37282 0.386929 -5.18095 0.00966379 0.0888736 0.0155544 -0.223714 -0.52053 0.00805777 0.178005 0.00137606 0.0024175 0.0541549 0.105115 0.00926184 0.0394659 0.0474424 0.26786 0.0200024 0.125422 0.00405832 0.0336926 0.0222986
298	825	0.2	7360	9332	1.31784 25.0296 0.026896 0.0322146 5.44111 -10.0697 -0.344744 1.77639 0.383022 -6.48095 0.0443455 -0.991419 0.0237946 -0.27641 -0.79407 0.00861926 0.223187 0.00151473 0.0030016 0.0708987 0.139752 0.00984924 0.0506656 0.0602494 0.341514 0.0227947 0.143869 0.00471943 0.0400639 0.0278818
298	825	0.5	3736	4788	1.29247 24.2677 0.0184806 0.0330034 5.07751 -10.075 -0.310951 1.65123 0.512655 -5.89088 0.0975388 -1.2373 0.00873549 -0.141773 -0.717973 0.00726991 0.293918 0.0009649 0.00386577 0.0903347 0.17773 0.00823179 0.0649301 0.0772526 0.444396 0.0299677 0.192669 0.00633993 0.0534758 0.0366482
298	825	0.7	4244	4868	1.306 21.7898 0.02304 0.0213785 4.59961 -9.87156 -0.329044 1.54338 0.359937 -5.51084 0.123896 -0.877696 0.00219235 -0.138734 -0.648973 0.0105131 0.260872 0.00190821 0.00322604 0.0810957 0.153056 0.0122436 0.0584967 0.0691532 0.395071 0.0190313 0.167648 0.00478514 0.0462489 0.0320712
298	825	0.9	4851	5049	1.24141 18.7418 0.0116841 0.0194164 4.01093 -9.04475 -0.2531 1.1399 0.283174 -4.62422 0.0890841 -0.437766 0.00346066 -0.157133 -0.550624 0.00235803 0.225374 0.000294854 0.00290579 0.0715908 0.124012 0.00264167 0.0399256 0.0614839 0.347535 0.0167684 0.159688 0.00434242 0.0426017 0.0290844
298	875	0.2	4654	7902	1.30306 29.8123 0.0285396 0.0345656 7.41706 -11.0264 -0.331607 1.92057 0.44233 -7.18584 0.108593 -1.4483 0.0169043 -0.306427 -0.982376 0.0114858 0.296834 0.00211436 0.00415559 0.100034 0.183042 0.0132083 0.0663483 0.0815062 0.461185 0.0300862 0.193656 0.00635046 0.055007 0.0385809
298	875	0.5	2565	4018	1.27682 26.9613 0.0164101 0.0304493 6.75463 -10.2165 -0.293233 1.60184 0.463395 -6.46098 0.109916 -1.9747 0.00673409 -0.0593279 -0.820975 0.0135263 0.354412 0.00180579 0.00492713 0.121964 0.207676 0.015329 0.061477 0.0980761 0.559539 0.0378873 0.238349 0.00795029 0.0673125 0.0468053
298	875	0.7	2724	4111	1.28008 25.5199 0.0170391 0.029125 6.08609 -10.4596 -0.297118 1.48859 0.350831 -4.26654 0.0436594 -1.31254 0.011116 -0.10661 -0.738283 0.00354059 0.327769 0.000419249 0.00475238 0.113367 0.165208 0.0039532 0.0256019 0.0915399 0.53508 0.0360344 0.228431 0.00759106 0.0643091 0.0444346
298	875	0.9	3276	4045	1.2187 21.758 0.0106677 0.02525 5.17362 -9.7225 -0.229372 1.18822 0.379913 -5.19475 0.0451946 -0.792866 0.0126551 -0.187419 -0.6848 0.00436568 0.290942 0.000403548 0.00392309 0.0964067 0.160221 0.00476341 0.0542103 0.0795009 0.454359 0.0310941 0.203265 0.00654077 0.0562428 0.0374618
298	925	0.2	3129	6673	1.27852 33.6279 0.0218666 0.0366882 9.56108 -11.3597 -0.300394 1.87513 0.306533 -6.12169 0.139356 -2.38401 0.0111037 -0.193475 -1.10196 0.0133925 0.376451 0.00236404 0.00529959 0.133234 0.234706 0.0153373 0.0850349 0.101787 0.590197 0.0368127 0.242625 0.00806198 0.0705377 0.0495912
298	925	0.5	1742	3384	1.03102 30.421 -0.00908243 0.0395963 8.27737 -10.4174 -0.0220648 1.13648 0.175401 -6.55966 0.248079 -2.61744 0.000857792 -0.260278 -1.05839 0.000918244 0.466758 9.24822e-05 0.00624141 0.158668 0.276354 0.000975465 0.101979 0.129241 0.726716 0.046556 0.29437 0.00972872 0.0816173 0.0587446
298	925	0.7	1868	3394	0.96932 28.1729 -0.0211711 0.0281033 7.86218 -9.75192 0.0516991 0.868791 0.43209 -5.70475 0.319884 -2.23346 -0.0201206 -0.168873 -0.918061 0.000904491 0.43339 0.000112553 0.00600641 0.150634 0.24718 0.000996204 0.0907815 0.118451 0.679628 0.0457542 0.296647 0.00976322 0.0830002 0.0563983
298	925	0.9	2250	3557	1.20976 23.5874 0.0075391 0.0213922 6.44495 -9.92375 -0.217308 1.09433 0.147117 -4.95568 0.119042 -1.346 -0.00461866 -0.0531537 -0.722991 0.00157007 0.34536 0.000188804 0.00513652 0.126435 0.172768 0.00174297 0.0227735 0.0973621 0.560901 0.0405693 0.253238 0.00824893 0.0685709 0.0475675
298	975	0.2	2201	5740	1.21496 36.4429 0.00815361 0.0437868 11.7563 -11.5387 -0.223121 1.71907 0.116782 -5.30435 0.191581 -3.03007 0.00964262 -0.183013 -1.27846 0.00234587 0.456717 0.000272921 0.00665314 0.170662 0.275363 0.00259959 0.105928 0.126849 0.727401 0.0457972 0.294428 0.0101075 0.086353 0.0626066
298	975	0.5	1209	2856	1.16034 33.8398 -0.000807999 -0.00926016 10.8038 -10.7277 -0.159643 1.38581 0.426862 -6.39944 0.46326 -4.59509 -0.078896 0.413412 -0.824284 0.00112617 0.550901 0.000145213 0.00635572 0.209565 0.288016 0.00124767 0.0395503 0.151195 0.881252 0.0279776 0.200343 0.00294362 0.0286232 0.0587885
298	975	0.7	1321	2840	1.13221 30.6478 -0.00595912 0.0620641 9.35378 -10.5023 -0.12657 1.41291 0.212387 -4.79555 -0.367199 -3.081 0.0839848 -0.193372 -1.02088 0.000905625 0.533067 0.00012409 0.00754057 0.189947 0.323503 0.0010053 0.120161 0.150156 0.85657 0.0345553 0.342861 0.0100911 0.100832 0.0734924
298	975	0.9	1600	2947	1.26838 25.298 0.0128353 0.0332893 8.14056 -10.3632 -0.28126 1.38547 0.281781 -4.58632 -0.0528443 -1.39555 0.0291756 -0.11549 -0.852532 0.000994649 0.419388 0.000128157 0.00755262 0.164252 0.207552 0.00110026 0.0269564 0.124499 0.698429 0.0498859 0.315896 0.0120429 0.0900194 0.060698
298	1050	0.2	2616	9059	1.23408 42.7443 0.00865212 0.0264708 15.8009 -12.2946 -0.242735 1.77054 0.0147357 -3.06259 0.20607 -4.39359 -0.0135472 0.112625 -1.25414 0.0143995 0.468555 0.00216038 0.00747063 0.184526 0.297859 0.0165582 0.118468 0.130151 0.753127 0.0478038 0.296377 0.0112885 0.0875232 0.063938
298	1050	0.5	1346	4625	1.05395 40.8432 -0.0164003 0.0347032 15.2817 -11.5974 -0.0380653 1.36164 -0.360726 -3.88176 0.252276 -4.23543 -0.0142278 -0.00211968 -1.30933 0.000722824 0.610565 9.71956e-05 0.00898114 0.236312 0.38116 0.000775262 0.146945 0.169199 0.984102 0.0608704 0.398161 0.0133893 0.114556 0.0831337
298	1050	0.7	1465	4674	1.13208 37.8007 -0.0034858 0.0324649 14.036 -11.3572 -0.128829 1.16117 0.390271 -5.35388 0.246822 -3.33274 -0.00351627 -0.08926 -1.22174 0.00103288 0.505548 0.000129421 0.00956384 0.219475 0.217145 0.00113843 0.0498411 0.157937 0.903993 0.0601763 0.38068 0.0145714 0.114166 0.08022
298	1050	0.9	1872	4838	1.25353 29.9733 0.0124051 0.0244144 10.8926 -11.5287 -0.265987 1.47649 0.0307839 -2.39961 0.100054 -2.13672 -0.00520706 -0.0525664 -0.967838 0.00104549 0.424557 0.000124682 0.00763885 0.176177 0.199694 0.00115068 0.026382 0.125406 0.729982 0.0530273 0.322353 0.0122157 0.0932431 0.0635885
298	1150	0.2	1238	6888	1.3044 57.9259 0.0166479 0.0380325 26.2188 -15.6257 -0.321121 2.86979 0.222532 -1.17003 0.203271 -6.08356 -0.00800962 0.119189 -1.89287 0.00122201 0.667318 0.000164497 0.0132615 0.312497 0.31039 0.00136359 0.072379 0.210156 1.21891 0.0789293 0.468927 0.0197523 0.144837 0.107143
298	1150	0.5	679	3513	0.779869 48.9775 -0.039377 0.00342838 24.5906 -12.3231 0.254982 0.529091 -0.190026 -0.0389292 0.245858 -6.28312 -0.0477193 -0.605944 -1.96282 0.00102049 0.92187 0.000133425 0.0156677 0.385531 0.570309 0.00112139 0.220623 0.259916 1.49104 0.0939446 0.60938 0.0241126 0.183876 0.135053
298	1150	0.7	776	3375	1.22794 45.4733 0.00534857 -0.0253566 20.6599 -15.2774 -0.233556 1.40965 -0.253706 2.90847 0.468967 -8.55659 -0.12358 1.25788 -0.930641 0.00110224 0.723147 0.000155476 0.0107109 0.339341 0.11911 0.00123223 0.0082517 0.228157 1.33153 0.0191427 0.170891 0.00620755 0.0596429 0.0989723
298	1150	0.9	1005	3495	1.07224 32.9609 -0.00935371 -0.000954982 16.5932 -11.1067 -0.0633014 0.714857 -0.401391 2.26372 0.271783 -3.05154 -0.0397007 0.0306909 -1.12548 0.000904989 0.558497 0.000108213 0.0115406 0.277163 0.15947 0.000984327 0.0663416 0.179593 1.04492 0.0773337 0.47176 0.0184499 0.139163 0.0946247
298	1250	0.2	660	5151	1.12056 65.8728 -0.01479 0.00832617 37.8468 -14.5797 -0.106598 1.96292 0.100051 6.36824 0.614863 -10.0057 -0.118745 0.734532 -2.11188 0.00103943 0.948548 0.000160913 0.0161581 0.464972 0.336022 0.00115433 0.153974 0.299325 1.74788 0.0822136 0.428875 0.0178053 0.114052 0.138549
298	1250	0.5	348	2583	0.987585 57.0446 -0.0271464 0.0163477 35.9925 -11.282 0.037719 0.100609 -0.0430683 4.95594 0.527483 -10.514 -0.0759263 1.1376 -1.7804 0.00134893 1.21433 0.000203203 0.0230405 0.584149 0.57258 0.00150747 0.133078 0.391679 2.2481 0.0825312 0.290956 0.0165443 0.200825 0.19474
298	1250	0.7	402	2707	1.06616 52.0431 -0.0148818 -0.0999797 31.8463 -15.0354 -0.0517016 0.0538392 -0.711984 4.58318 0.432696 -3.6147 -0.101393 0.141156 -1.07094 0.00114603 1.06714 0.000155101 0.0099362 0.527654 0.241052 0.00124946 0.0711012 0.332314 1.95728 0.0230916 0.226696 0.00578246 0.0535931 0.0773088
298	1250	0.9	509	2586	0.929094 39.779 -0.0238138 -0.123258 24.5199 -12.0129 0.0931544 -0.92352 -1.64349 4.83532 0.0763355 -2.07549 -0.0929966 -0.359383 -0.770311 0.000963623 0.854006 0.000128171 0.00975182 0.435579 0.137358 0.00103309 0.0180454 0.278668 1.62464 0.059111 0.534257 0.011742 0.12833 0.0770508
298	1350	0.2	340	3955	1.05903 77.431 -0.0160076 0.0622068 55.813 -18.9647 -0.0432375 0.0198909 -0.563619 12.3419 0.322209 -12.094 -0.0288907 0.978077 -2.73671 0.00145749 1.38192 0.000200187 0.0241042 0.684579 0.301296 0.00159521 0.0864965 0.451694 2.58611 0.0666243 0.514319 0.0147199 0.114453 0.195564
298	1350	0.5	177	2028	0.960318 73.5874 -0.0341065 0.00641789 53.9611 -17.6707 0.0729828 -0.979294 -1.68127 7.04108 0.599405 -14.2636 -0.0417517 -0.798299 -4.74676 0.00195008 1.81175 0.000314792 0.0196176 0.854204 0.467561 0.00219546 0.152639 0.575969 3.40329 0.0523515 0.153169 0.00986974 0.066688 0.197704
298	1350	0.7	225	1959	1.27653 -9.14257 -0.0132077 -0.101584 45.9537 3.10129 -0.265506 5.16075 -8.22693 24.7878 0.487426 -14.7554 -0.300302 1.28422 -5.07992 0.00125726 0.853114 0.000251555 0.018467 0.727599 0.110038 0.00143748 0.100149 0.461284 2.79704 0.0456479 0.128664 0.00928802 0.0607955 0.179452
298	1350	0.9	294	2071	1.03742 44.881 -0.0174859 -0.136615 35.6056 -13.5495 -0.0201621 -0.119065 -1.09592 7.4541 0.451732 -4.85758 -0.0357747 0.375346 -2.22135 0.00144795 1.15643 0.000196029 0.017351 0.612851 0.186521 0.00157265 0.0305288 0.374268 2.22974 0.0446047 0.442857 0.00769605 0.0769616 0.166531
298	1450	0.2	204	3065	0.932409 51.2101 -0.0331088 -0.0227149 78.1741 -8.01367 0.0995572 1.66699 -4.38222 39.6269 1.16477 -12.1013 -0.150652 -0.164478 -3.65513 0.00179285 1.39885 0.000277686 0.0323436 0.894572 0.192789 0.00199246 0.0910115 0.581478 3.49494 0.0884961 0.569602 0.0209493 0.171203 0.26711
298	1450	0.5	94	1642	0.73003 35.068 -0.0511023 -0.264757 68.5314 -9.80716 0.320319 -0.777376 -8.86267 45.0199 0.759247 -16.3519 -0.113235 0.321662 -1.47289 0.00289965 1.48572 0.000485995 0.02258 1.06644 0.378897 0.00319747 0.0442211 0.801759 4.76754 0.0308267 0.201015 0.0120544 0.121339 0.209923
298	1450	0.7	100	1671	0.768094 14.231 -0.0564917 0.120097 60.5275 -2.37559 0.287328 -0.815227 -10.668 46.9221 -0.914939 -15.9231 -0.520319 0.100746 -5.78701 0.00273101 0.682914 0.000476988 0.0240185 1.07313 0.35738 0.00306313 0.0891318 0.786151 4.69212 0.0837826 0.581209 0.0206954 0.20033 0.179215
298	1450	0.9	175	1564	1.14503 3.34045 -0.0301024 -0.7151 18.913 -3.30371 -0.115952 0.256399 -11.0942 47.1492 -0.349479 7.61028 -0.190222 2.17443 4.48223 0.00144668 0.316922 0.000288253 0.0179786 0.711005 0.119675 0.00165131 0.0183891 0.484538 2.92837 0.0302337 0.295184 0.014747 0.146569 0.12193
298	1625	0.2	206	5115	0.983898 108.556 -0.0274493 0.120389 122.629 -16.2844 0.0428598 0.868139 -0.943101 45.2158 0.438197 -17.4124 0.00841132 0.732947 -4.73531 0.00168995 2.00726 0.000258596 0.0433827 0.935414 0.920311 0.00186246 0.214564 0.691959 3.98315 0.201955 1.71183 0.0562083 0.582901 0.390109
298	1625	0.5	87	2526	0.924976 127.092 -0.0547569 -1.61854 121.73 -30.4825 0.129129 -3.62941 -15.0235 112.799 -0.600972 -7.96959 0.238584 -2.31718 8.7741 0.00284422 2.91373 0.000569553 0.0226051 0.78283 0.71912 0.00322051 0.100934 0.959335 5.49774 0.0235283 0.137034 0.00862224 0.0672866 0.157157
298	1625	0.7	132	2577	1.12686 89.8106 -0.0388995 -0.00752813 104.163 -19.0062 -0.0908311 0.93005 -0.715955 17.1473 1.7123 -23.3596 0.0502526 -0.0885806 -8.09278 0.00163487 2.25219 0.000351281 0.0206605 1.05083 0.383343 0.00188963 0.0319883 0.724735 4.33066 0.0674179 0.574279 0.0149978 0.154331 0.244745
298	1625	0.9	156	2574	0.878557 33.6675 -0.0485921 -0.389299 81.7973 -11.0283 0.168592 -0.44113 -6.06151 40.2393 -0.882074 -5.48078 -0.320034 -0.280099 -1.01812 0.00188766 1.33864 0.000332283 0.0196699 0.981744 0.233434 0.00213329 0.0545952 0.60193 3.63233 0.0734989 0.639602 0.0156034 0.129396 0.166701
298	1875	0.2	47	2858	0.691035 101.135 -0.0802186 -0.865881 288.425 23.9225 0.388863 8.00909 -25.435 200.84 -1.6143 -27.0594 -1.55566 4.26753 -19.4253 0.00469214 2.68283 0.000898649 0.0391034 0.390552 1.31688 0.00532527 0.330824 1.28443 6.12003 0.0801717 0.56248 0.0202258 0.288841 0.315744
298	1875	0.5	34	1430	0.74925 8.84791 -0.0773438 -1.88261 190.668 0.516433 0.327801 -1.35713 -35.0912 186.109 1.59013 -29.7059 0.435991 -8.82591 14.6948 0.00593247 0.711648 0.00118868 0.0256559 0.446217 0.244042 0.00672136 0.0736401 1.47378 8.21134 0.0517387 0.211589 0.0163026 0.161877 0.255526
298	1875	0.7	40	1413	1.07171 21.3125 -0.0659473 0.394614 173.883 -9.48388 -0.0062764 -0.424706 -9.85408 99.6438 1.29111 -34.6904 -0.476376 5.48381 -10.6916 0.00415759 1.27715 0.00100639 0.0221636 1.15329 0.224007 0.00494729 0.0738613 1.27491 7.51258 0.0952721 0.79712 0.0234699 0.234918 0.277551
298	1875	0.9	52	1378	0.814908 6.64735 -0.0693621 0.267597 122.527 -4.79597 0.253807 -1.82943 -9.44305 60.9105 1.34531 -25.8953 -0.356022 2.41014 -8.87658 0.00387996 0.499962 0.0008031 0.0264668 1.20915 0.615614 0.00441496 0.124916 1.07783 6.56488 0.0814898 0.656588 0.0213056 0.197619 0.257159
298	26000	0.2	33	3933	0.997148 86.632 -0.0731902 -2.55603 625.879 -9.40698 0.0757695 -0.179257 -35.4163 442.668 -0.47716 50.9688 -1.12132 13.4015 2.00179 0.00555268 3.56204 0.00128812 0.0649175 1.46698 1.49228 0.0065928 0.579474 1.23718 6.04753 0.353634 1.90623 0.0653029 0.522354 0.501887
298	26000	0.5	12	2048	0.655955 15.7964 -0.182299 -3.77826 820.319 6.26623 0.52628 -0.16993 -63.4963 580.637 10.0436 -106.312 -1.5067 0.846609 -38.2915 0.0126182 1.35764 0.00325584 0.0456112 1.36716 0.43995 0.015217 0.138768 0.83598 7.16485 0.24433 0.616338 0.0492388 0.301393 0.291241
298	26000	0.7	19	1946	0.920002 47.3496 -0.0876269 1.32325 534.868 -0.759818 0.167497 -2.20828 -1.6922 606.247 1.56346 -97.263 4.42823 27.2271 14.9219 0.00881183 1.21572 0.00207316 0.0249515 0.714894 0.465911 0.0104528 0.120054 0.655139 4.33233 0.253853 1.31111 0.036726 0.286924 0.204486
298	26000	0.9	23	1962	1.07228 0.351293 -0.0748872 -2.40984 411.527 -0.289201 0.00238622 0.243451 -45.3503 260.599 4.37307 -69.1995 0.871248 1.3423 16.048 0.00692298 0.353539 0.0017689 0.0319172 1.02063 0.447165 0.00824274 0.110531 1.55869 7.71941 0.142625 0.499953 0.0323409 0.278734 0.191176
